%YAML:1.0
---
camera_matrix:           !!opencv-matrix
  rows:                  3
  cols:                  3
  dt:                    d
  data:                  [877.5776467098608, 0, 280.5373772293226, 0, 817.3845702655535, 160.5582636386422, 0, 0, 1]
distortion_coefficients: !!opencv-matrix
  rows:                  5
  cols:                  1
  dt:                    d
  data:                  [-0.1328413769347974, 0.6509037258662242, 0.007188898497546242, -0.02050759504300589, 0]
# Extra Data
distortion_model:        plumb_bob
rectification_matrix:    !!opencv-matrix
  rows:                  3
  cols:                  3
  dt:                    d
  data:                  [1, 0, 0, 0, 1, 0, 0, 0, 1]
projection_matrix:       !!opencv-matrix
  rows:                  3
  cols:                  4
  dt:                    d
  data:                  [875.4030151367188, 0, 273.9327065430953, 0, 0, 824.2721557617188, 162.0515292083837, 0, 0, 0, 1, 0]
