%YAML:1.0
---
calibration_time:        "Sun June 02 16:20:30 2017"
camera_matrix:           !!opencv-matrix
  rows:                  3
  cols:                  3
  dt:                    d
  data:                  [754.504819704267, 0., 332.3726787114666, 0., 668.6096073505739, 262.9478813891162, 0., 0., 1]
distortion_coefficients: !!opencv-matrix
  rows:                  5
  cols:                  1
  dt:                    d
  data:                  [-0.8090978114000367, 1.433589238334481, -0.06460182577982229, -0.01836151081179032, 0]
# Extra Data
distortion_model:        plumb_bob
rectification_matrix:    !!opencv-matrix
  rows:                  3
  cols:                  3
  dt:                    d
  data:                  [1, 0, 0, 0, 1, 0, 0, 0, 1]
projection_matrix:       !!opencv-matrix
  rows:                  3
  cols:                  4
  dt:                    d
  data:                  [712.507080078125, 0, 322.2653471371887, 0, 0, 668.6647338867188, 258.1267319659055, 0, 0, 0, 1, 0]
