%YAML:1.0
---
calibration_time:        "Fri May 26 20:35:55 2017"
camera_matrix:           !!opencv-matrix
   rows:                 3
   cols:                 3
   dt:                   d
   data:                 [ 8.4938347066618485e+02, 0., 3.0081957437379037e+02, 0.,
       8.4923166034554549e+02, 2.0028557284751548e+02, 0., 0., 1. ]
distortion_coefficients: !!opencv-matrix
   rows:                 5
   cols:                 1
   dt:                   d
   data:                 [ 2.9417080169478586e-02, 4.1393823712919753e-01,
       -1.2095333501063600e-02, -6.1224453353998240e-03,
       2.5617522818527244e-01 ]
